Dag   Ägg  Nymf Vux  Bett
 1    3    0    1    0
 2    6    0    1    0
 3    9    0    1    0
 4   12    0    1    0
 5   15    0    1    1
 6   18    0    1    1
 7   21    0    1    1
 8   24    0    1    1
 9   24    3    1    1
10   24    6    1    2
11   24    9    1    2
12   24   12    1    2
13   24   15    1    3
14   24   18    1    3
15   24   21    1    3
16   24   24    1    3
17   24   27    1    3
18   24   30    1    3
19   24   33    1    6
20   24   36    1   10
21   24   39    1   13
22   24   42    1   16
23   24   45    1   19 
24   24   48    1   22
25   24   51    1   25
26   24   54    1   28
27   24   57    1   32
28   24   60    1   35
29   24   63    1   41
30   24   66    1   48
60    9  150    6  341
90  840  909   96 1175
120 
150 
180 69909


Stats   Day        Eggs        Nymphs     Adults       Bites